 -1 -1 -1 -1 -1 -1 -1 -1 -1 -1 -1 -1 -1 -1 -1 -1 -1 -1 -1 -1
 -1 -1 -1 -1 -1 -1 -1 -1 -1 -1 -1 -1 -1 -1 -1 -1 -1 -1 -1 -1
 -1  2  2  2  2  2  2  2  2  2  2  2  2  2  2  2  2  2  2  2
 -1  3  3  3  3  3  3  3  3  3  3  3  3  3  3  3  3  3  3  3
 -1  3  3  3  3  3  3  3  3  3  3  3  3  3  3  3  3  3  3  3
 -1  4  4  4  4  4  4  4  4  4  4  4  4  4  4  4  4  4  4  4
 -1  4  4  4  4  4  4  4  4  4  4  4  4  4  4  4  4  4  4  4
 -1  5  4  4  4  4  4  4  4  4  4  4  4  4  4  4  4  4  4  4
 -1  5  5  4  4  4  4  4  4  4  4  4  4  4  4  4  4  4  4  4
 -1  6  5  5  5  5  5  5  5  5  5  5  5  5  5  5  5  5  5  5
 -1  6  5  5  5  5  5  5  5  5  5  5  5  5  5  5  5  5  5  5
 -1  7  6  5  5  5  5  5  5  5  5  5  5  5  5  5  5  5  5  5
 -1  7  6  5  5  5  5  5  5  5  5  5  5  5  5  5  5  5  5  5
 -1  8  6  6  5  5  5  5  5  5  5  5  5  5  5  5  5  5  5  5
 -1  8  7  6  6  5  5  5  5  5  5  5  5  5  5  5  5  5  5  5
 -1  9  7  6  6  6  5  5  5  5  5  5  5  5  5  5  5  5  5  5
 -1  9  7  6  6  6  6  5  5  5  5  5  5  5  5  5  5  5  5  5
 -1 10  8  7  6  6  6  6  6  6  6  6  6  6  6  6  6  6  6  6
 -1 10  8  7  6  6  6  6  6  6  6  6  6  6  6  6  6  6  6  6
 -1 11  8  7  7  6  6  6  6  6  6  6  6  6  6  6  6  6  6  6
 -1 11  9  7  7  6  6  6  6  6  6  6  6  6  6  6  6  6  6  6
 -1 12  9  8  7  7  6  6  6  6  6  6  6  6  6  6  6  6  6  6
 -1 12  9  8  7  7  6  6  6  6  6  6  6  6  6  6  6  6  6  6
 -1 13 10  8  7  7  7  6  6  6  6  6  6  6  6  6  6  6  6  6
 -1 13 10  8  8  7  7  6  6  6  6  6  6  6  6  6  6  6  6  6
 -1 14 10  9  8  7  7  7  6  6  6  6  6  6  6  6  6  6  6  6
 -1 14 11  9  8  7  7  7  7  6  6  6  6  6  6  6  6  6  6  6
 -1 15 11  9  8  8  7  7  7  7  6  6  6  6  6  6  6  6  6  6
 -1 15 11  9  8  8  7  7  7  7  7  6  6  6  6  6  6  6  6  6
 -1 16 12 10  9  8  7  7  7  7  7  7  6  6  6  6  6  6  6  6
 -1 16 12 10  9  8  8  7  7  7  7  7  7  6  6  6  6  6  6  6
 -1 17 12 10  9  8  8  7  7  7  7  7  7  7  6  6  6  6  6  6
 -1 17 13 10  9  8  8  7  7  7  7  7  7  7  7  6  6  6  6  6
 -1 18 13 11  9  9  8  8  7  7  7  7  7  7  7  7  7  7  7  7
 -1 18 13 11 10  9  8  8  7  7  7  7  7  7  7  7  7  7  7  7
 -1 19 14 11 10  9  8  8  8  7  7  7  7  7  7  7  7  7  7  7
 -1 19 14 11 10  9  8  8  8  7  7  7  7  7  7  7  7  7  7  7
 -1 20 14 12 10  9  9  8  8  8  7  7  7  7  7  7  7  7  7  7
 -1 20 15 12 10  9  9  8  8  8  7  7  7  7  7  7  7  7  7  7
 -1 21 15 12 11 10  9  8  8  8  8  7  7  7  7  7  7  7  7  7
 -1 21 15 12 11 10  9  8  8  8  8  7  7  7  7  7  7  7  7  7
 -1 22 16 13 11 10  9  9  8  8  8  8  7  7  7  7  7  7  7  7
 -1 22 16 13 11 10  9  9  8  8  8  8  7  7  7  7  7  7  7  7
 -1 23 16 13 11 10  9  9  8  8  8  8  8  7  7  7  7  7  7  7
 -1 23 17 13 12 10 10  9  9  8  8  8  8  7  7  7  7  7  7  7
 -1 24 17 14 12 11 10  9  9  8  8  8  8  8  7  7  7  7  7  7
 -1 24 17 14 12 11 10  9  9  8  8  8  8  8  7  7  7  7  7  7
 -1 25 18 14 12 11 10  9  9  9  8  8  8  8  8  7  7  7  7  7
 -1 25 18 14 12 11 10  9  9  9  8  8  8  8  8  7  7  7  7  7
 -1 26 18 15 13 11 10 10  9  9  8  8  8  8  8  8  7  7  7  7
 -1 26 19 15 13 11 10 10  9  9  9  8  8  8  8  8  8  7  7  7
 -1 27 19 15 13 12 11 10  9  9  9  8  8  8  8  8  8  8  7  7
 -1 27 19 15 13 12 11 10  9  9  9  8  8  8  8  8  8  8  8  7
 -1 28 20 16 13 12 11 10 10  9  9  9  8  8  8  8  8  8  8  8
 -1 28 20 16 14 12 11 10 10  9  9  9  8  8  8  8  8  8  8  8
 -1 29 20 16 14 12 11 10 10  9  9  9  8  8  8  8  8  8  8  8
 -1 29 21 16 14 12 11 10 10  9  9  9  9  8  8  8  8  8  8  8
 -1 30 21 17 14 13 11 11 10 10  9  9  9  8  8  8  8  8  8  8
 -1 30 21 17 14 13 12 11 10 10  9  9  9  8  8  8  8  8  8  8
 -1 31 22 17 15 13 12 11 10 10  9  9  9  9  8  8  8  8  8  8
 -1 31 22 17 15 13 12 11 10 10  9  9  9  9  8  8  8  8  8  8
 -1 32 22 18 15 13 12 11 10 10 10  9  9  9  8  8  8  8  8  8
 -1 32 23 18 15 13 12 11 11 10 10  9  9  9  9  8  8  8  8  8
 -1 33 23 18 15 14 12 11 11 10 10  9  9  9  9  8  8  8  8  8
 -1 33 23 18 16 14 12 11 11 10 10  9  9  9  9  8  8  8  8  8
 -1 34 24 19 16 14 13 12 11 10 10 10  9  9  9  9  8  8  8  8
 -1 34 24 19 16 14 13 12 11 10 10 10  9  9  9  9  8  8  8  8
 -1 35 24 19 16 14 13 12 11 11 10 10  9  9  9  9  9  8  8  8
 -1 35 25 19 16 14 13 12 11 11 10 10  9  9  9  9  9  8  8  8
 -1 36 25 20 17 15 13 12 11 11 10 10 10  9  9  9  9  9  8  8
 -1 36 25 20 17 15 13 12 11 11 10 10 10  9  9  9  9  9  8  8
 -1 37 26 20 17 15 13 12 12 11 10 10 10  9  9  9  9  9  9  8
 -1 37 26 20 17 15 14 12 12 11 11 10 10  9  9  9  9  9  9  8
 -1 38 26 21 17 15 14 13 12 11 11 10 10 10  9  9  9  9  9  9
 -1 38 27 21 18 15 14 13 12 11 11 10 10 10  9  9  9  9  9  9
 -1 39 27 21 18 16 14 13 12 11 11 10 10 10  9  9  9  9  9  9
 -1 39 27 21 18 16 14 13 12 11 11 10 10 10  9  9  9  9  9  9
 -1 40 28 22 18 16 14 13 12 12 11 11 10 10 10  9  9  9  9  9
 -1 40 28 22 18 16 14 13 12 12 11 11 10 10 10  9  9  9  9  9
 -1 -1 -1 -1 -1 -1 -1 -1 -1 -1 -1 -1 -1 -1 -1 -1 -1 -1 -1  9
