  0  0  0  0  0  0  0  0  0  0  0  0  0  0  0  0  0  0  0  0
  1  1  1  1  1  1  1  1  1  1  1  1  1  1  1  1  1  1  1  1
  2  2  2  2  2  2  2  2  2  2  2  2  2  2  2  2  2  2  2  2
  3  3  3  3  3  3  3  3  3  3  3  3  3  3  3  3  3  3  3  3
  4  3  3  3  3  3  3  3  3  3  3  3  3  3  3  3  3  3  3  3
  5  4  4  4  4  4  4  4  4  4  4  4  4  4  4  4  4  4  4  4
  6  4  4  4  4  4  4  4  4  4  4  4  4  4  4  4  4  4  4  4
  7  5  4  4  4  4  4  4  4  4  4  4  4  4  4  4  4  4  4  4
  8  5  5  4  4  4  4  4  4  4  4  4  4  4  4  4  4  4  4  4
  9  6  5  5  5  5  5  5  5  5  5  5  5  5  5  5  5  5  5  5
 10  6  5  5  5  5  5  5  5  5  5  5  5  5  5  5  5  5  5  5
 11  7  6  5  5  5  5  5  5  5  5  5  5  5  5  5  5  5  5  5
 12  7  6  5  5  5  5  5  5  5  5  5  5  5  5  5  5  5  5  5
 13  8  6  6  5  5  5  5  5  5  5  5  5  5  5  5  5  5  5  5
 14  8  7  6  6  5  5  5  5  5  5  5  5  5  5  5  5  5  5  5
 15  9  7  6  6  6  5  5  5  5  5  5  5  5  5  5  5  5  5  5
 16  9  7  6  6  6  6  5  5  5  5  5  5  5  5  5  5  5  5  5
 17 10  8  7  6  6  6  6  6  6  6  6  6  6  6  6  6  6  6  6
 18 10  8  7  6  6  6  6  6  6  6  6  6  6  6  6  6  6  6  6
 19 11  8  7  7  6  6  6  6  6  6  6  6  6  6  6  6  6  6  6
 20 11  9  7  7  6  6  6  6  6  6  6  6  6  6  6  6  6  6  6
 21 12  9  8  7  7  6  6  6  6  6  6  6  6  6  6  6  6  6  6
 22 12  9  8  7  7  6  6  6  6  6  6  6  6  6  6  6  6  6  6
 23 13 10  8  7  7  7  6  6  6  6  6  6  6  6  6  6  6  6  6
 24 13 10  8  8  7  7  6  6  6  6  6  6  6  6  6  6  6  6  6
 25 14 10  9  8  7  7  7  6  6  6  6  6  6  6  6  6  6  6  6
 26 14 11  9  8  7  7  7  7  6  6  6  6  6  6  6  6  6  6  6
 27 15 11  9  8  8  7  7  7  7  6  6  6  6  6  6  6  6  6  6
 28 15 11  9  8  8  7  7  7  7  7  6  6  6  6  6  6  6  6  6
 29 16 12 10  9  8  7  7  7  7  7  7  6  6  6  6  6  6  6  6
 30 16 12 10  9  8  8  7  7  7  7  7  7  6  6  6  6  6  6  6
 31 17 12 10  9  8  8  7  7  7  7  7  7  7  6  6  6  6  6  6
 32 17 13 10  9  8  8  7  7  7  7  7  7  7  7  6  6  6  6  6
 33 18 13 11  9  9  8  8  7  7  7  7  7  7  7  7  7  7  7  7
 34 18 13 11 10  9  8  8  7  7  7  7  7  7  7  7  7  7  7  7
 35 19 14 11 10  9  8  8  8  7  7  7  7  7  7  7  7  7  7  7
 36 19 14 11 10  9  8  8  8  7  7  7  7  7  7  7  7  7  7  7
 37 20 14 12 10  9  9  8  8  8  7  7  7  7  7  7  7  7  7  7
 38 20 15 12 10  9  9  8  8  8  7  7  7  7  7  7  7  7  7  7
 39 21 15 12 11 10  9  8  8  8  8  7  7  7  7  7  7  7  7  7
 40 21 15 12 11 10  9  8  8  8  8  7  7  7  7  7  7  7  7  7
 41 22 16 13 11 10  9  9  8  8  8  8  7  7  7  7  7  7  7  7
 42 22 16 13 11 10  9  9  8  8  8  8  7  7  7  7  7  7  7  7
 43 23 16 13 11 10  9  9  8  8  8  8  8  7  7  7  7  7  7  7
 44 23 17 13 12 10 10  9  9  8  8  8  8  7  7  7  7  7  7  7
 45 24 17 14 12 11 10  9  9  8  8  8  8  8  7  7  7  7  7  7
 46 24 17 14 12 11 10  9  9  8  8  8  8  8  7  7  7  7  7  7
 47 25 18 14 12 11 10  9  9  9  8  8  8  8  8  7  7  7  7  7
 48 25 18 14 12 11 10  9  9  9  8  8  8  8  8  7  7  7  7  7
 49 26 18 15 13 11 10 10  9  9  8  8  8  8  8  8  7  7  7  7
 50 26 19 15 13 11 10 10  9  9  9  8  8  8  8  8  8  7  7  7
 51 27 19 15 13 12 11 10  9  9  9  8  8  8  8  8  8  8  7  7
 52 27 19 15 13 12 11 10  9  9  9  8  8  8  8  8  8  8  8  7
 53 28 20 16 13 12 11 10 10  9  9  9  8  8  8  8  8  8  8  8
 54 28 20 16 14 12 11 10 10  9  9  9  8  8  8  8  8  8  8  8
 55 29 20 16 14 12 11 10 10  9  9  9  8  8  8  8  8  8  8  8
 56 29 21 16 14 12 11 10 10  9  9  9  9  8  8  8  8  8  8  8
 57 30 21 17 14 13 11 11 10 10  9  9  9  8  8  8  8  8  8  8
 58 30 21 17 14 13 12 11 10 10  9  9  9  8  8  8  8  8  8  8
 59 31 22 17 15 13 12 11 10 10  9  9  9  9  8  8  8  8  8  8
 60 31 22 17 15 13 12 11 10 10  9  9  9  9  8  8  8  8  8  8
 61 32 22 18 15 13 12 11 10 10 10  9  9  9  8  8  8  8  8  8
 62 32 23 18 15 13 12 11 11 10 10  9  9  9  9  8  8  8  8  8
 63 33 23 18 15 14 12 11 11 10 10  9  9  9  9  8  8  8  8  8
 64 33 23 18 16 14 12 11 11 10 10  9  9  9  9  8  8  8  8  8
 65 34 24 19 16 14 13 12 11 10 10 10  9  9  9  9  8  8  8  8
 66 34 24 19 16 14 13 12 11 10 10 10  9  9  9  9  8  8  8  8
 67 35 24 19 16 14 13 12 11 11 10 10  9  9  9  9  9  8  8  8
 68 35 25 19 16 14 13 12 11 11 10 10  9  9  9  9  9  8  8  8
 69 36 25 20 17 15 13 12 11 11 10 10 10  9  9  9  9  9  8  8
 70 36 25 20 17 15 13 12 11 11 10 10 10  9  9  9  9  9  8  8
 71 37 26 20 17 15 13 12 12 11 10 10 10  9  9  9  9  9  9  8
 72 37 26 20 17 15 14 12 12 11 11 10 10  9  9  9  9  9  9  8
 73 38 26 21 17 15 14 13 12 11 11 10 10 10  9  9  9  9  9  9
 74 38 27 21 18 15 14 13 12 11 11 10 10 10  9  9  9  9  9  9
 75 39 27 21 18 16 14 13 12 11 11 10 10 10  9  9  9  9  9  9
 76 39 27 21 18 16 14 13 12 11 11 10 10 10  9  9  9  9  9  9
 77 40 28 22 18 16 14 13 12 12 11 11 10 10 10  9  9  9  9  9
 78 40 28 22 18 16 14 13 12 12 11 11 10 10 10  9  9  9  9  9
 79 41 28 22 19 16 15 13 12 12 11 11 10 10 10  9  9  9  9  9
